 10  71 121 151 106 143 107  91  -1  -1  -1  -1  -1  -1  19  -1  -1 113  -1  -1  -1  67  -1  -1  42  -1  -1  -1  -1  -1  36  -1  -1  -1 129  -1  -1  38  -1  -1  83  -1  -1  -1  -1  66  -1  48  -1  -1  -1  -1  -1  -1  -1  -1 133  -1  -1  -1 
 25 120 102  88   2   9  41 157  -1  -1  -1  51  -1  -1  -1  -1  -1  -1  91  62  -1  -1  -1  -1  -1  -1  94  -1  -1 123  -1  -1  -1  76  -1 139  -1  -1  -1  -1  -1  -1 103  -1  36  -1  -1   0  -1  -1  -1  -1 100  -1  -1  -1  -1  -1  -1  -1 
 39  45  36 114 116 156   4  -1  89  -1  -1  -1  -1  75  -1  -1  60  -1  -1   1  -1  -1  -1  -1  -1  57  -1  -1 119  -1  -1  -1  -1  67  -1  -1  -1  18  -1  -1  -1  -1 140  -1  84  -1  -1  -1  -1  19  -1  -1  -1  -1  -1  -1  -1 139  -1  -1 
 62 119  65 154 130 108 118  80  -1  -1  -1  -1  -1 159  -1  -1  -1  -1 132  -1  76  -1  -1  52  -1  -1  -1  -1  33  -1  -1  -1  12  -1  -1  -1   9  -1  -1  48  -1  -1  -1  -1  -1  -1  95  -1  32  -1  -1  -1  -1  -1  -1  -1  94  -1  -1 143 
 42 149  57   9 104  32   6  -1  -1  70  -1  -1 118  -1  -1  -1 125  -1  -1  -1  -1  -1 159  -1  65  -1  -1 136  -1  -1  -1  -1  -1 135  -1  -1  -1  24  -1 125  -1  -1  -1 153  -1  -1  -1  -1  -1 158  -1  -1  -1  -1 103  -1  -1  -1  11  -1 
 81  68  71  48  93  12  51  -1  -1  -1  67  -1  -1  60  -1  21  -1  -1  -1  -1  -1  -1 136  -1  -1  -1  86  81  -1  -1  -1  56  -1  -1  -1  -1 148  -1  -1  -1 149  -1  -1  -1  -1  -1  55  -1  64  -1  -1  -1  -1  -1  -1  -1  -1  14  -1 148 
 83 110  64 112  84  57 145  -1  -1  -1  54  -1  77  -1  -1  -1  -1 103  -1  36  -1  -1  -1  48  -1  -1  -1  -1  -1  -1 126  74  -1  -1  -1  -1  -1  -1 117  -1  -1 157  -1  -1  -1  59  -1 123  -1  -1  -1  -1  -1 110  -1  -1  -1  -1  -1  -1 
100  42  97  11  60 121  89  -1  22  -1  -1  -1  35  -1  -1  22  -1  -1  -1  -1  -1  -1  92  -1  41  -1  -1  -1  94  -1  -1  -1  91  -1  -1  39  -1  -1  -1  -1  35  -1  -1  -1  -1  -1 122  -1  -1  -1  73  -1  -1  -1 101  -1  -1  -1  -1  -1 
126 133 151  43 115 105  58  -1 113  -1  -1  -1  -1  -1  12  -1  -1  -1 125  -1  -1  19  -1  -1  -1 115  -1  99  -1  -1  -1  87  -1  -1  -1  -1 159  -1  -1  -1  -1 113  -1  -1  -1  61  -1  -1  -1  -1  -1  83  -1  -1  -1  24  -1  -1  -1  -1 
 94 145 108 102  48 122 137  -1  -1  23  -1 144  -1  -1  -1 131  -1  -1  -1  -1  -1  28  -1  96  -1  -1  -1  -1  -1  -1  46  -1  -1  -1 159  -1  -1  -1 129  -1  -1  -1 131 136  -1  -1  -1  -1 156  -1  -1  -1  -1 133  -1  -1  -1  -1  -1  -1 
157  78 107 113 158  77   5  -1  -1 132  -1  -1  -1  -1  62  -1  -1  28  -1  -1 105  -1  -1  -1  -1  -1  72  -1  -1  29  -1  -1  65  -1  -1  -1  -1  -1  11   8  -1  -1  -1  -1  21  -1  -1  -1  -1  -1 153  -1  -1  -1  -1 120  -1  -1  46  -1 
158 154 116  81  77  80  75  -1  -1  -1 150  61  -1  -1  -1  -1  81  -1  -1  -1  69  -1  -1  -1  -1 117  -1  -1  -1  77  -1  -1  -1  -1  65  53  -1  -1  -1  -1  -1 119  -1 123  -1  -1  -1  -1  -1  -1  -1  75 154  -1  -1  -1  -1  -1  -1  -1 
