 10  -1  64 154  93  12  89  67  12  -1  -1  -1  -1  -1  96  -1  -1  86  -1  -1  -1  -1  -1  -1  76  -1  -1  -1  -1  11  -1  -1  -1 131  -1  -1  66  -1  -1  -1  -1  -1 154  -1  -1  -1  -1  -1  -1  -1  -1  96  -1  -1  -1  46  -1  -1  -1  -1 
 25 119 108  11  -1  -1  58 157 159 126  -1  -1  19  -1  -1  41  -1  -1  -1  -1  -1  -1  74  -1  -1  -1  53  -1  -1 117  -1  -1  -1  -1  -1  36  -1  -1  -1  -1  -1  -1  -1  -1  -1 133  -1  -1  -1  -1  -1  -1  45  -1  -1  -1 146  -1  -1  -1 
 -1  78  71  81  60 121  -1 113  51 131  -1  -1  67  -1  -1  -1 115  -1  -1  -1  -1  -1  -1  -1  -1  65  -1  -1  -1  -1 125  -1  -1 140  -1  -1  -1  -1  48  -1 158  -1  -1  -1  -1  -1  -1  -1  -1  50  79  -1  -1  -1  -1  -1  -1  -1  -1  -1 
 39  71  -1  88 158 122  41 150  62  -1  -1  -1  28  -1  -1  -1  -1  -1  99  -1  -1  -1  -1  65  -1  -1  -1 159  -1  -1  -1  -1  -1  -1  -1  -1  61  -1  -1 156  -1  -1  -1 109  -1  -1  39  -1  -1  -1  -1  -1  -1  -1  86  -1  -1  -1  -1  -1 
 42 149  57  -1 115  57  -1  91  75  28   1  -1  -1  -1  -1  -1  -1  -1 136 119  -1  -1  -1  -1  -1  -1  -1  -1  -1 129  -1  -1  -1  -1 136  -1  -1  95  -1  -1  -1  73  -1  -1  -1  -1  -1  -1  -1  -1  39  -1  -1  -1  -1  -1  -1  -1  -1  65 
 62  -1  65 112 130 105  75 132  -1 113  36  -1  -1  -1  -1  42  -1  -1  -1  -1  29  -1  -1  -1  -1  -1  -1 148  -1  -1  -1  35 113 103  -1  -1  -1  -1  -1  -1  -1  -1  -1  -1  -1  -1  -1  -1  91  -1  -1  -1  -1  44  -1  -1  -1  -1  -1  -1 
 83 120 151  48  -1   9  -1  22  77  81  -1  -1  -1 159  -1  -1  -1  71  -1  -1  -1  -1  -1  91  -1  -1 139  -1  -1  -1  -1 149  -1  -1  -1  -1  -1  -1 123  -1  -1  75  -1  -1  -1  -1  -1  -1  23  -1  -1  -1  -1  -1  -1  47  -1  -1  -1  -1 
 81  42  -1 114   2 108   4  23  -1  21  -1  -1  -1  -1  52  -1  -1  -1  -1  94  -1  -1  87  -1  -1  -1  -1  -1  18  -1  -1  83  -1  -1  -1  -1  -1  -1  -1  -1  19  -1  -1 101  -1  -1  -1  -1  -1  -1  -1  -1  59  -1  -1  -1  -1  -1 121  -1 
 94 133  97 113  -1 156   6  -1  60 125  -1 105  -1  -1  -1  -1  57  -1  -1  -1  77  -1  -1  -1  -1  -1  -1  -1  24  -1  -1  -1  -1  -1 153  -1  57  -1  -1  -1  -1  83  -1  -1  -1 139  -1  -1  -1  -1  -1  -1  -1  -1  32  -1  -1  -1  -1  -1 
100 110  -1 102  84 143 118  -1 144 103  -1  -1  -1  92  -1  65  -1  -1  -1  -1  -1  -1  -1  -1  67 159  -1  -1  -1  -1  -1  -1  -1  -1 122  -1  -1  -1  -1  64  -1  -1  -1  -1  21  -1  -1  -1  -1  -1  -1 103  -1  -1  -1  -1  -1 119  66  -1 
 -1 145 116 151 106  80 145  70  -1 132  -1  76  -1  -1  -1  -1  -1  -1  81  -1  -1  -1  -1  -1 135  -1  39  -1  -1  -1   8  -1 157  -1  -1  -1  -1  -1  -1  -1  -1  -1  -1 102  -1  -1  -1 134  -1  -1  -1  -1  -1  -1  -1  -1  -1  -1  -1   7 
126  -1 102   9 116  -1 137  80  61  22  -1  69  -1  -1  -1  -1  -1  -1  -1  32  -1  36  -1  -1  -1 129  -1   6  -1  -1  -1  -1  -1  -1  -1  -1  -1  -1   0  -1  -1  -1 100  -1  94  14  -1  -1  -1  -1  -1  -1  -1  -1  -1  -1  -1  -1  -1  -1 
 -1 154  36  43  48  77  51  -1  35  91  62  -1  -1  -1  -1  -1  -1  94  -1  -1  -1 126  -1  -1  -1  -1  -1  -1  38  -1  -1  -1  -1  -1  -1  20  -1  -1  -1  32 153  -1  -1  -1  -1  -1  -1 148  -1  -1  -1  -1  -1  -1  -1  -1 127  -1  -1  -1 
157  68 107  -1 104  32   5  54  19  -1  -1  -1  -1 136  -1  -1 117  -1  -1  -1  -1  46  56  -1  -1  -1  -1  -1  -1  -1  -1  -1 119  -1  -1  -1  -1  53  -1  -1  -1  -1 133  -1  -1  -1  11  -1  -1  -1  -1  -1  -1 156  -1  -1  -1  -1  -1  -1 
158  45 121  -1  77  -1 107  89 118  60  -1  -1  -1  -1  48  -1  -1  -1  -1  -1 123  -1  -1  11  -1  -1  -1  -1  -1  -1  48  -1  -1  -1  -1  84  -1 122  -1  -1  -1  -1  -1  -1 120  -1  -1  -1  -1 142  -1  -1  -1  -1  -1  -1  -1   9  -1  -1 
