 -1  71  64  -1  84  -1 145  -1 144  -1   1  -1  -1  -1  -1  -1  -1  -1  -1  -1  -1  -1  -1  -1  -1  -1  -1  -1  18  -1  -1  83  -1  -1  -1  -1  -1  -1  -1 123  -1  -1  -1  -1  -1  -1  -1  -1  -1  -1  -1 150  -1  -1  -1  -1  -1  -1  -1  -1 
 10  -1  -1   9 115  -1   5  -1  -1  22  -1  -1  -1  -1  -1  -1 115  -1  -1  -1  29  -1  -1  -1  -1  -1  -1  -1  -1  -1  -1  -1  -1  -1  -1  36  -1  -1  -1  -1  -1  -1  -1  -1  -1  -1  -1 101  -1  -1  -1  -1  -1  -1  48  -1  -1  -1  -1  -1 
 -1  42 108  -1  -1 108  -1 132  12  -1  -1  -1  -1  -1  -1  -1 117  -1  -1  -1  -1  -1  -1  -1  -1 159  -1  -1  -1  -1  -1  -1  -1  -1 122  -1  -1  -1  -1  -1 156  -1  -1  -1  -1  -1  -1  -1  -1  -1  -1  -1  29  -1  -1  -1  -1  -1  33  -1 
 25  -1  -1 113  -1 156   4  -1  51  -1  -1  -1  -1 136  -1  -1  -1  -1  -1  -1  -1  -1  -1  -1  67  -1  -1  -1  -1  -1  -1  36  -1 104 153  -1  -1  -1  -1  -1  -1  -1  -1  -1  -1  -1 104  -1  -1  -1  -1  -1  -1  -1  -1  -1  -1  -1  -1  -1 
 -1  68 102  -1  -1   9  41  -1  -1 125  -1  -1  -1  -1  -1  65  -1  -1  -1  -1  -1  -1  -1  91  -1  -1  -1  -1  -1  -1 125  -1  -1  -1  -1  -1  -1  -1  -1  -1  -1  -1  -1  -1  83  -1  -1  -1  -1  -1  -1  -1  -1  -1  -1  97  -1  -1  -1  -1 
 39  -1  36  -1 104  -1  -1  91  -1  -1  62  76  67  92  -1  41  57  -1 136  -1  -1  -1  -1  -1  -1  -1  -1  -1  -1  -1  -1  -1  -1  -1  -1  -1  -1  -1  -1  -1  -1  -1  -1  -1  -1  -1  -1  -1  -1  -1  -1  -1  -1  -1  -1  -1  -1  -1  -1  -1 
 42  -1 151  -1 116  -1  -1  22  -1 131  -1  -1  -1  -1  -1  -1  -1  -1  -1  94  -1 126  -1  -1  -1  -1  -1  -1  -1  -1  -1  -1  -1  -1 136  -1  -1  -1  -1  -1  -1  64  -1  -1  -1  -1  -1  -1  -1  -1  -1  -1  -1  -1  -1  79  -1  -1  -1  -1 
 -1  45  -1 154 106  -1  -1 157  75  -1  -1  -1  -1  -1  -1  -1  -1  -1  81  -1  -1  -1  -1  11  -1  -1  -1  -1  -1  -1  -1  -1  -1  -1  -1  -1  58  -1   0  -1  -1  -1  -1  -1  -1  -1  -1  -1  -1  -1  -1  -1  -1  -1  50  -1  -1  -1  -1  -1 
 62  -1 121  -1  -1 121  58  -1  60  -1  -1 105  -1  -1  -1  -1  -1  -1  -1  -1  -1  -1  87  -1  -1  -1  -1  -1  -1  -1  -1  -1  -1  -1  -1  -1  61  95  -1  -1  -1  -1  -1  -1  -1  -1  -1  -1  -1  -1  -1  -1  -1  -1  -1  -1  -1  58  -1  -1 
 -1  78  65  -1  48  -1 118  -1  77  -1  -1  -1  -1  -1  -1  -1  -1  86  -1  -1  -1  -1  -1  -1 135  -1  -1  -1  -1 129  -1  -1  -1  -1  -1  -1  -1  -1  -1  -1  -1  19  -1  -1  -1  -1  -1  -1  -1 141  -1  -1  -1  -1  -1  -1  -1  -1  -1  86 
 -1 133  -1 151  -1  57  -1  67 118  -1  -1  -1  -1  -1  -1  -1  -1  -1  -1 119 123  -1  -1  -1  -1  -1  -1 148  -1  -1  -1  -1  -1  -1  -1  -1  -1  -1  -1  -1  -1  -1  -1  -1   4  -1  -1  -1  -1  -1  -1  -1  -1 144  -1  -1  -1  -1  -1  -1 
 81  -1 107  -1  -1  80  51  -1  -1 132  -1  -1  -1  -1  52  -1  -1  -1  99  -1  -1  -1  -1  -1  -1  -1  53  -1  -1  -1  -1  -1  -1  -1  -1  -1  -1  -1  -1  -1  -1  -1  -1  -1  -1 133  -1  -1  -1  -1  -1  -1  -1  91  -1  -1  -1  -1  -1  -1 
 83  -1  -1  81  77  -1  -1  70  19  -1  -1  -1  -1  -1  -1  42  -1  -1  -1  -1  -1  -1  56  -1  -1  -1 140  -1  -1  -1  -1  -1 157  -1  -1  -1  -1  -1  -1  -1  -1  -1  -1  -1  -1  -1  -1  -1  -1  -1  12  -1  -1  -1  -1  -1  -1  -1  -1  -1 
 -1 119  -1  11  -1 143  -1  89  -1  21  36  -1  -1  -1  -1  -1  -1  -1  -1  -1  -1  -1  74  -1  -1  -1  -1  -1  -1  11  -1  -1  -1  -1  -1  -1  -1  -1  -1  -1  -1  -1  -1  76  -1  -1  -1  -1  -1  -1  -1  -1  -1  -1  -1  -1 103  -1  -1  -1 
 94  -1  -1 112  -1  12  89  -1 159  -1  -1  -1  28  -1  -1  -1  -1  -1  -1  -1  -1  36  -1  -1  -1  -1  -1  -1  -1  -1   9  -1  -1  -1  -1  -1  -1  -1  -1  -1  -1  -1  -1  73  -1  -1  -1  -1  -1 133  -1  -1  -1  -1  -1  -1  -1  -1 156  -1 
100  -1  -1 102 130  -1  -1  23  -1  81  -1  -1  -1  -1  -1  -1  -1  94  -1  -1  -1  -1  -1  65  -1  -1  -1  -1  -1  -1  -1 149  -1  -1  -1  -1  -1  -1  -1  -1  32  -1  -1  -1  -1  -1  -1  -1  98  -1  -1  -1  -1  -1  -1  -1  -1  49  -1  -1 
 -1 110  57  -1  93  -1  75  -1  -1 113  -1  -1  19  -1  -1  -1  -1  -1  -1  -1  -1  -1  -1  -1  -1  -1  -1 159  -1  -1  -1  -1 119  -1  -1  -1  -1  -1  -1  -1  -1  -1  -1  -1  -1  -1 109  -1  21  -1  -1  -1  -1  -1  -1  -1  -1  -1  -1  -1 
 -1 120  -1 114  -1 122  -1  80  -1 126  -1  -1  -1  -1  48  -1  -1  -1  -1  -1  -1  -1  -1  -1  76  -1  -1  -1  -1  -1  -1  -1 113  -1  -1  -1  -1 123  -1  50  -1  -1  -1  -1  -1  -1  -1  -1  -1  -1  -1  -1  -1  -1  -1  -1  -1  -1  -1  -1 
126  -1  71  -1   2  -1  -1  54  61  -1  -1  -1  -1  -1  96  -1  -1  -1  -1  -1  77  -1  -1  -1  -1  -1  -1  -1  -1 117  48  -1  -1 131  -1  -1  -1  -1  -1  -1  -1  -1  -1  -1  -1  -1  -1  -1  -1  -1  -1  -1  -1  -1  -1  -1  -1  -1  -1  -1 
 -1 145  -1  43  60  -1   6  -1  62  -1  -1  -1  -1  -1  -1  -1  -1  -1  -1  32  -1  -1  -1  -1  -1  -1  39  -1  -1  -1  -1  -1  -1  -1  -1  20  -1  -1  -1  -1  -1  -1 155  -1  -1  -1  -1  -1  -1  -1  -1  -1  -1  -1  -1  -1  55  -1  -1  -1 
 -1 149  97  -1  -1 105  -1 150  -1  60  -1  -1  -1 159  -1  -1  -1  -1  -1  -1  -1  46  -1  -1  -1  -1  -1  -1  24  -1  -1  -1  -1  -1  -1  -1  -1  -1  -1  -1  -1  -1 158  -1  -1  -1  -1 122  -1  -1  -1  -1  -1  -1  -1  -1  -1  -1  -1  66 
 -1 154  -1  88 158  -1 107  -1  -1  28  -1  69  -1  -1  -1  -1  -1  -1  -1  -1  -1  -1  -1  -1  -1  65  -1  -1  -1  -1  -1  -1  -1 140  -1  -1  -1  -1  -1  -1  -1  -1  -1  -1  -1 100  -1  -1  -1  -1  14  -1  -1  -1  -1  -1  -1  -1  -1  -1 
157  -1 116  -1  -1  77  -1 113  35  91  -1  -1  -1  -1  -1  -1  -1  -1  -1  -1  -1  -1  -1  -1  -1 129  -1  -1  -1  -1  -1  -1  -1  -1  -1  84  -1  -1  53  -1  -1  -1  -1  -1  -1  -1  -1  -1  -1  -1  -1  39  -1  -1  -1  -1  -1  -1  -1  -1 
158  -1  -1  48  -1  32 137  -1  -1 103  -1  -1  -1  -1  -1  -1  -1  71  -1  -1  -1  -1  -1  -1  -1  -1  -1   7  40  -1  -1  -1  -1  -1  -1  -1  69  -1  -1  -1  -1  -1  -1  -1  -1  -1  -1  -1  -1  -1  -1  -1 134  -1  -1  -1  -1  -1  -1  -1 
