96 48 64
2 4
2 2 2 2 2 2 2 2 2 2 2 2 2 2 2 2 2 2 2 2 2 2 2 2 2 2 2 2 2 2 2 2 2 2 2 2 2 2 2 2 2 2 2 2 2 2 2 2 2 2 2 2 2 2 2 2 2 2 2 2 2 2 2 2 2 2 2 2 2 2 2 2 2 2 2 2 2 2 2 2 2 2 2 2 2 2 2 2 2 2 2 2 2 2 2 2 
4 4 4 4 4 4 4 4 4 4 4 4 4 4 4 4 4 4 4 4 4 4 4 4 4 4 4 4 4 4 4 4 4 4 4 4 4 4 4 4 4 4 4 4 4 4 4 4 
1 29   29 48   
2 52   30 46   
3 29   31 11   
4 36   32 30   
5 6   17 21   
6 20   18 25   
7 39   19 16   
8 59   20 40   
9 31   25 20   
10 60   26 4   
11 60   27 33   
12 49   28 33   
13 3   41 47   
14 5   42 51   
15 48   43 6   
16 28   44 18   
21 48   45 44   
22 45   46 38   
23 9   47 35   
24 34   48 61   
33 52   37 54   
34 22   38 42   
35 51   39 15   
36 43   40 11   
1 38   45 53   
2 30   46 47   
3 44   47 0   
4 45   48 35   
5 32   28 59   
6 11   25 55   
7 52   26 41   
8 50   27 59   
9 57   43 32   
10 25   44 53   
11 23   41 25   
12 23   42 25   
13 51   36 52   
14 18   33 43   
15 39   34 59   
16 54   35 36   
17 30   29 61   
18 16   30 9   
19 25   31 26   
20 62   32 43   
21 11   38 16   
22 17   39 6   
23 59   40 26   
24 49   37 41   
1 3   41 62   
2 4   42 10   
3 16   43 41   
4 10   44 44   
5 41   39 43   
6 33   40 52   
7 30   37 32   
8 9   38 1   
9 16   22 8   
10 10   23 24   
11 45   24 12   
12 8   21 20   
13 29   19 53   
14 59   20 14   
15 61   17 58   
16 13   18 53   
25 46   45 3   
26 26   46 60   
27 18   47 26   
28 5   48 7   
29 39   33 17   
30 31   34 31   
31 52   35 14   
32 21   36 17   
1 51   8 24   
2 39   5 54   
3 7   6 48   
4 58   7 4   
9 3   33 2   
10 51   34 44   
11 32   35 23   
12 58   36 2   
13 38   46 12   
14 33   47 48   
15 13   48 20   
16 0   45 18   
17 43   23 50   
18 38   24 21   
19 38   21 33   
20 49   22 30   
25 5   32 58   
26 13   29 13   
27 5   30 18   
28 18   31 61   
37 6   42 60   
38 51   43 54   
39 28   44 3   
40 61   41 34   
1 29   25 38   49 3   73 51   
2 52   26 30   50 4   74 39   
3 29   27 44   51 16   75 7   
4 36   28 45   52 10   76 58   
5 6   29 32   53 41   74 54   
6 20   30 11   54 33   75 48   
7 39   31 52   55 30   76 4   
8 59   32 50   56 9   73 24   
9 31   33 57   57 16   77 3   
10 60   34 25   58 10   78 51   
11 60   35 23   59 45   79 32   
12 49   36 23   60 8   80 58   
13 3   37 51   61 29   81 38   
14 5   38 18   62 59   82 33   
15 48   39 39   63 61   83 13   
16 28   40 54   64 13   84 0   
5 21   41 30   63 58   85 43   
6 25   42 16   64 53   86 38   
7 16   43 25   61 53   87 38   
8 40   44 62   62 14   88 49   
45 11   60 20   87 33   17 48   
46 17   57 8   88 30   18 45   
47 59   58 24   85 50   19 9   
48 49   59 12   86 21   20 34   
9 20   30 55   65 46   89 5   
10 4   31 41   66 26   90 13   
11 33   32 59   67 18   91 5   
12 33   29 59   68 5   92 18   
1 48   41 61   69 39   90 13   
2 46   42 9   70 31   91 18   
3 11   43 26   71 52   92 61   
4 30   44 43   72 21   89 58   
21 52   38 43   69 17   77 2   
22 22   39 59   70 31   78 44   
23 51   40 36   71 14   79 23   
24 43   37 52   72 17   80 2   
21 54   48 41   55 32   93 6   
22 42   45 16   56 1   94 51   
23 15   46 6   53 43   95 28   
24 11   47 26   54 52   96 61   
13 47   35 25   49 62   96 34   
14 51   36 25   50 10   93 60   
15 6   33 32   51 41   94 54   
16 18   34 53   52 44   95 3   
25 53   65 3   84 18   17 44   
26 47   66 60   81 12   18 38   
27 0   67 26   82 48   19 35   
28 35   68 7   83 20   20 61   
