72 12 256
2 12
2 2 2 2 2 2 2 2 2 2 2 2 2 2 2 2 2 2 2 2 2 2 2 2 2 2 2 2 2 2 2 2 2 2 2 2 2 2 2 2 2 2 2 2 2 2 2 2 2 2 2 2 2 2 2 2 2 2 2 2 2 2 2 2 2 2 2 2 2 2 2 2 
12 12 12 12 12 12 12 12 12 12 12 12 
1 209   4 160   
2 249   5 39   
3 20   6 32   
7 233   10 26   
8 130   11 138   
9 236   12 70   
1 26   12 28   
2 66   10 50   
3 79   11 33   
4 108   8 109   
5 252   9 206   
6 23   7 56   
1 142   7 200   
2 109   8 100   
3 92   9 200   
4 117   10 174   
5 113   11 66   
6 182   12 157   
1 245   5 216   
2 144   6 236   
3 218   4 123   
7 254   11 181   
8 224   12 253   
9 38   10 80   
1 120   11 51   
2 57   12 85   
3 5   10 8   
4 182   7 128   
5 54   8 172   
6 75   9 23   
1 227   7 218   
2 234   8 4   
3 57   9 97   
4 249   11 87   
5 91   12 144   
6 38   10 59   
1 77   6 164   
2 240   4 195   
3 14   5 180   
7 224   12 79   
8 58   10 131   
9 182   11 144   
1 251   10 209   
2 131   11 15   
3 197   12 229   
4 30   9 32   
5 48   7 50   
6 110   8 181   
1 5   9 110   
2 216   7 115   
3 182   8 187   
4 36   12 7   
5 126   10 44   
6 206   11 203   
1 83   4 12   
2 198   5 222   
3 146   6 215   
7 182   10 196   
8 76   11 216   
9 215   12 247   
1 155   11 57   
2 72   12 211   
3 164   10 122   
4 66   7 93   
5 231   8 246   
6 200   9 164   
1 68   8 94   
2 15   9 75   
3 188   7 41   
4 45   12 122   
5 198   10 137   
6 97   11 129   
1 209   7 26   19 245   25 120   31 227   37 77   43 251   49 5   55 83   61 155   67 68   13 142   
2 249   8 66   20 144   26 57   32 234   38 240   44 131   50 216   56 198   62 72   68 15   14 109   
3 20   9 79   21 218   27 5   33 57   39 14   45 197   51 182   57 146   63 164   69 188   15 92   
1 160   10 108   16 117   21 123   28 182   34 249   38 195   46 30   52 36   55 12   64 66   70 45   
2 39   11 252   17 113   19 216   29 54   35 91   39 180   47 48   53 126   56 222   65 231   71 198   
3 32   12 23   18 182   20 236   30 75   36 38   37 164   48 110   54 206   57 215   66 200   72 97   
4 233   12 56   22 254   28 128   31 218   40 224   47 50   50 115   58 182   64 93   69 41   13 200   
5 130   10 109   23 224   29 172   32 4   41 58   48 181   51 187   59 76   65 246   67 94   14 100   
6 236   11 206   24 38   30 23   33 97   42 182   46 32   49 110   60 215   66 164   68 75   15 200   
4 26   8 50   16 174   24 80   27 8   36 59   41 131   43 209   53 44   58 196   63 122   71 137   
5 138   9 33   17 66   22 181   25 51   34 87   42 144   44 15   54 203   59 216   61 57   72 129   
6 70   7 28   18 157   23 253   26 85   35 144   40 79   45 229   52 7   60 247   62 211   70 122   
